38,35
34,7
34,6
34,8
10,199
10,29
10,27
10,193
10,75
10,265
10,179
11,15
11,10
11,25
11,28
11,24
9,5
8,6
8,5
8,4
8,15
8,18
36,5
36,3
36,1
35,4
35,3
35,1
34,102
34,101
34,100
34,99
34,98
34,97
34,96
34,95
34,94
34,93
34,92
34,91
34,90
34,89
34,88
34,87
34,86
34,85
34,84
34,83
34,82
34,81
34,80
34,79
34,78
34,77
34,76
34,75
34,74
34,73
34,72
34,71
34,70
34,69
34,68
34,67
34,5
34,1
34,4
34,3
34,2
34,0
30,3
30,1
29,5
29,4
29,3
29,1
28,5
28,4
28,3
28,1
26,4
26,3
26,1
25,3
25,1
20,3
20,2
20,1
19,3
19,2
19,1
18,3
18,1
14,5
14,4
14,3
14,1
13,3
13,1
12,3
12,2
12,1
11,29
11,21
11,12
11,9
11,7
11,5
11,4
11,3
11,2
11,1
10,306
10,272
